0 0 1 12 2022
1 10 2 12 2022
2 20 3 12 2022
3 30 4 12 2022
4 40 5 12 2022
5 50 6 12 2022
6 60 7 12 2022
7 70 8 12 2022
8 80 9 12 2022
9 90 10 12 2022
10 100 11 12 2022
11 110 12 12 2022
12 120 13 12 2022
13 130 14 12 2022
14 140 15 12 2022
15 150 16 12 2022
16 160 17 12 2022
17 170 18 12 2022
18 180 19 12 2022
19 190 20 12 2022
20 200 21 12 2022
21 210 22 12 2022
22 220 23 12 2022
23 230 24 12 2022
24 240 25 12 2022
25 250 26 12 2022
26 260 27 12 2022
27 270 28 12 2022
28 280 29 12 2022
29 290 30 12 2022
30 300 1 12 2022
31 310 2 12 2022
32 320 3 12 2022
33 330 4 12 2022
34 340 5 12 2022
35 350 6 12 2022
36 360 7 12 2022
37 370 8 12 2022
38 380 9 12 2022
39 390 10 12 2022
40 400 11 12 2022
41 410 12 12 2022
42 420 13 12 2022
43 430 14 12 2022
44 440 15 12 2022
45 450 16 12 2022
46 460 17 12 2022
47 470 18 12 2022
48 480 19 12 2022
49 490 20 12 2022
50 500 21 12 2022
51 510 22 12 2022
52 520 23 12 2022
53 530 24 12 2022
54 540 25 12 2022
55 550 26 12 2022
56 560 27 12 2022
57 570 28 12 2022
58 580 29 12 2022
59 590 30 12 2022
60 600 1 12 2022
61 610 2 12 2022
62 620 3 12 2022
63 630 4 12 2022
64 640 5 12 2022
65 650 6 12 2022
66 660 7 12 2022
67 670 8 12 2022
68 680 9 12 2022
69 690 10 12 2022
70 700 11 12 2022
71 710 12 12 2022
72 720 13 12 2022
73 730 14 12 2022
74 740 15 12 2022
75 750 16 12 2022